NaN,NaN,NaN,NaN,NaN,NaN,NaN,NaN,NaN,NaN,NaN,NaN,NaN,NaN,NaN,NaN,NaN,NaN,NaN,NaN,NaN,NaN,NaN,NaN,NaN,NaN,NaN,NaN,NaN,NaN,NaN,NaN,NaN,NaN,NaN,NaN,NaN,NaN,NaN,NaN,NaN,NaN,NaN,NaN,NaN,NaN,NaN,NaN,NaN,NaN,NaN,NaN,NaN,NaN,NaN,NaN,NaN,NaN,NaN,NaN,NaN,NaN
NaN,NaN,NaN,NaN,NaN,NaN,NaN,NaN,NaN,NaN,NaN,NaN,NaN,NaN,NaN,NaN,NaN,NaN,NaN,NaN,NaN,NaN,NaN,NaN,NaN,NaN,NaN,NaN,NaN,NaN,NaN,NaN,NaN,NaN,NaN,NaN,NaN,NaN,NaN,NaN,NaN,NaN,NaN,NaN,NaN,NaN,NaN,NaN,NaN,NaN,NaN,NaN,NaN,NaN,NaN,NaN,NaN,NaN,NaN,NaN,NaN,NaN
NaN,NaN,NaN,NaN,NaN,NaN,NaN,NaN,NaN,NaN,NaN,NaN,NaN,NaN,NaN,NaN,NaN,NaN,NaN,NaN,NaN,NaN,NaN,NaN,NaN,NaN,NaN,NaN,NaN,NaN,NaN,NaN,NaN,NaN,NaN,NaN,NaN,NaN,NaN,NaN,NaN,NaN,NaN,NaN,NaN,NaN,NaN,NaN,NaN,NaN,NaN,NaN,NaN,NaN,NaN,NaN,NaN,NaN,NaN,NaN,NaN,NaN
NaN,NaN,NaN,NaN,NaN,NaN,NaN,NaN,NaN,NaN,NaN,NaN,NaN,NaN,NaN,NaN,NaN,NaN,NaN,NaN,NaN,NaN,NaN,NaN,NaN,NaN,NaN,NaN,NaN,NaN,NaN,NaN,NaN,NaN,NaN,NaN,NaN,NaN,NaN,NaN,NaN,NaN,NaN,NaN,NaN,NaN,NaN,NaN,NaN,NaN,NaN,NaN,NaN,NaN,NaN,NaN,NaN,NaN,NaN,NaN,NaN,NaN
NaN,NaN,NaN,NaN,NaN,NaN,NaN,NaN,NaN,NaN,NaN,NaN,NaN,NaN,NaN,NaN,NaN,NaN,NaN,NaN,NaN,NaN,NaN,NaN,NaN,NaN,NaN,NaN,NaN,NaN,NaN,NaN,NaN,NaN,NaN,NaN,NaN,NaN,NaN,NaN,NaN,NaN,NaN,NaN,NaN,NaN,NaN,NaN,NaN,NaN,NaN,NaN,NaN,NaN,NaN,NaN,NaN,NaN,NaN,NaN,NaN,NaN
NaN,NaN,NaN,NaN,NaN,NaN,NaN,NaN,NaN,NaN,NaN,NaN,NaN,NaN,NaN,NaN,NaN,NaN,NaN,NaN,NaN,NaN,NaN,NaN,NaN,NaN,NaN,NaN,NaN,NaN,NaN,NaN,NaN,NaN,NaN,NaN,NaN,NaN,NaN,NaN,NaN,NaN,NaN,NaN,NaN,NaN,NaN,NaN,NaN,NaN,NaN,NaN,NaN,NaN,NaN,NaN,NaN,NaN,NaN,NaN,NaN,NaN
NaN,NaN,NaN,NaN,NaN,NaN,NaN,NaN,NaN,NaN,NaN,NaN,NaN,NaN,NaN,NaN,NaN,NaN,NaN,NaN,NaN,NaN,NaN,NaN,NaN,NaN,NaN,NaN,NaN,NaN,NaN,NaN,NaN,NaN,NaN,NaN,NaN,NaN,NaN,NaN,NaN,NaN,NaN,NaN,NaN,NaN,NaN,NaN,NaN,NaN,NaN,NaN,NaN,NaN,NaN,NaN,NaN,NaN,NaN,NaN,NaN,NaN
NaN,NaN,NaN,NaN,NaN,NaN,NaN,NaN,NaN,NaN,NaN,NaN,NaN,NaN,NaN,NaN,NaN,NaN,NaN,NaN,NaN,NaN,NaN,NaN,NaN,NaN,NaN,NaN,NaN,NaN,NaN,NaN,NaN,NaN,NaN,NaN,NaN,NaN,NaN,NaN,NaN,NaN,NaN,NaN,NaN,NaN,NaN,NaN,NaN,NaN,NaN,NaN,NaN,NaN,NaN,NaN,NaN,NaN,NaN,NaN,NaN,NaN
NaN,NaN,NaN,NaN,NaN,NaN,NaN,NaN,NaN,NaN,NaN,NaN,NaN,NaN,NaN,NaN,NaN,NaN,NaN,NaN,NaN,NaN,NaN,NaN,NaN,NaN,NaN,NaN,NaN,NaN,NaN,NaN,NaN,NaN,NaN,NaN,NaN,NaN,NaN,NaN,NaN,NaN,NaN,NaN,NaN,NaN,NaN,NaN,NaN,NaN,NaN,NaN,NaN,NaN,NaN,NaN,NaN,NaN,NaN,NaN,NaN,NaN
NaN,NaN,NaN,NaN,NaN,NaN,NaN,NaN,NaN,NaN,NaN,NaN,NaN,NaN,NaN,NaN,NaN,NaN,NaN,NaN,NaN,NaN,NaN,NaN,NaN,NaN,NaN,NaN,NaN,NaN,NaN,NaN,NaN,NaN,NaN,NaN,NaN,NaN,NaN,NaN,NaN,NaN,NaN,NaN,NaN,NaN,NaN,NaN,NaN,NaN,NaN,NaN,NaN,NaN,NaN,NaN,NaN,NaN,NaN,NaN,NaN,NaN
NaN,NaN,NaN,NaN,NaN,NaN,NaN,NaN,NaN,NaN,NaN,NaN,NaN,NaN,NaN,NaN,NaN,NaN,NaN,NaN,NaN,NaN,NaN,NaN,NaN,NaN,NaN,NaN,NaN,NaN,NaN,NaN,NaN,NaN,NaN,NaN,NaN,NaN,NaN,NaN,NaN,NaN,NaN,NaN,NaN,NaN,NaN,NaN,NaN,NaN,NaN,NaN,NaN,NaN,NaN,NaN,NaN,NaN,NaN,NaN,NaN,NaN
NaN,NaN,NaN,NaN,NaN,NaN,NaN,NaN,NaN,NaN,NaN,NaN,NaN,NaN,NaN,NaN,NaN,NaN,NaN,NaN,NaN,NaN,NaN,NaN,NaN,NaN,NaN,NaN,NaN,NaN,NaN,NaN,NaN,NaN,NaN,NaN,NaN,NaN,NaN,NaN,NaN,NaN,NaN,NaN,NaN,NaN,NaN,NaN,NaN,NaN,NaN,NaN,NaN,NaN,NaN,NaN,NaN,NaN,NaN,NaN,NaN,NaN
NaN,NaN,NaN,NaN,NaN,NaN,NaN,NaN,NaN,NaN,NaN,NaN,NaN,NaN,NaN,NaN,NaN,NaN,NaN,NaN,NaN,NaN,NaN,NaN,NaN,NaN,NaN,NaN,NaN,NaN,NaN,NaN,NaN,NaN,NaN,NaN,NaN,NaN,NaN,NaN,NaN,NaN,NaN,NaN,NaN,NaN,NaN,NaN,NaN,NaN,NaN,NaN,NaN,NaN,NaN,NaN,NaN,NaN,NaN,NaN,NaN,NaN
NaN,NaN,NaN,NaN,NaN,NaN,NaN,NaN,NaN,NaN,NaN,NaN,NaN,NaN,NaN,NaN,NaN,NaN,NaN,NaN,NaN,NaN,NaN,NaN,NaN,NaN,NaN,NaN,NaN,NaN,NaN,NaN,NaN,NaN,NaN,NaN,NaN,NaN,NaN,NaN,NaN,NaN,NaN,NaN,NaN,NaN,NaN,NaN,NaN,NaN,NaN,NaN,NaN,NaN,NaN,NaN,NaN,NaN,NaN,NaN,NaN,NaN
NaN,NaN,NaN,NaN,NaN,NaN,NaN,NaN,NaN,NaN,NaN,NaN,NaN,NaN,NaN,NaN,NaN,NaN,NaN,NaN,NaN,NaN,NaN,NaN,NaN,NaN,NaN,NaN,NaN,NaN,NaN,NaN,NaN,NaN,NaN,NaN,NaN,NaN,NaN,NaN,NaN,NaN,NaN,NaN,NaN,NaN,NaN,NaN,NaN,NaN,NaN,NaN,NaN,NaN,NaN,NaN,NaN,NaN,NaN,NaN,NaN,NaN
NaN,NaN,NaN,NaN,NaN,NaN,NaN,NaN,NaN,NaN,NaN,NaN,NaN,NaN,NaN,NaN,NaN,NaN,NaN,NaN,NaN,NaN,NaN,NaN,NaN,NaN,NaN,NaN,NaN,NaN,NaN,NaN,NaN,NaN,NaN,NaN,NaN,NaN,NaN,NaN,NaN,NaN,NaN,NaN,NaN,NaN,NaN,NaN,NaN,NaN,NaN,NaN,NaN,NaN,NaN,NaN,NaN,NaN,NaN,NaN,NaN,NaN
NaN,NaN,NaN,NaN,NaN,NaN,NaN,NaN,NaN,NaN,NaN,NaN,NaN,NaN,NaN,NaN,NaN,NaN,NaN,NaN,NaN,NaN,NaN,NaN,NaN,NaN,NaN,NaN,NaN,NaN,NaN,NaN,NaN,NaN,NaN,NaN,NaN,NaN,NaN,NaN,NaN,NaN,NaN,NaN,NaN,NaN,NaN,NaN,NaN,NaN,NaN,NaN,NaN,NaN,NaN,NaN,NaN,NaN,NaN,NaN,NaN,NaN
NaN,NaN,NaN,NaN,NaN,NaN,NaN,NaN,NaN,NaN,NaN,NaN,NaN,NaN,NaN,NaN,NaN,NaN,NaN,NaN,NaN,NaN,NaN,NaN,NaN,NaN,NaN,NaN,NaN,NaN,NaN,NaN,NaN,NaN,NaN,NaN,NaN,NaN,NaN,NaN,NaN,NaN,NaN,NaN,NaN,NaN,NaN,NaN,NaN,NaN,NaN,NaN,NaN,NaN,NaN,NaN,NaN,NaN,NaN,NaN,NaN,NaN
NaN,NaN,NaN,NaN,NaN,NaN,NaN,NaN,NaN,NaN,NaN,NaN,NaN,NaN,NaN,NaN,NaN,NaN,NaN,NaN,NaN,NaN,NaN,NaN,NaN,NaN,NaN,NaN,NaN,NaN,NaN,NaN,NaN,NaN,NaN,NaN,NaN,NaN,NaN,NaN,NaN,NaN,NaN,NaN,NaN,NaN,NaN,NaN,NaN,NaN,NaN,NaN,NaN,NaN,NaN,NaN,NaN,NaN,NaN,NaN,NaN,NaN
NaN,NaN,NaN,NaN,NaN,NaN,NaN,NaN,NaN,NaN,NaN,NaN,NaN,NaN,NaN,NaN,NaN,NaN,NaN,NaN,NaN,NaN,NaN,15.4852124476746,15.6216003932624,15.5975714117633,15.4219174510769,15.1446580427494,14.7800363834688,14.3378917736779,13.8269667362746,13.2682955268461,12.7268575794739,12.2098216038527,11.7162315882445,11.2451834573542,10.7958215266492,10.3673352426347,9.95895618253414,9.56995528960657,9.19964032278686,8.84735350151322,8.51246932853201,8.19439257518341,7.89255641519491,7.6064206943657,7.33547032473572,7.07921379291458,6.83718177321227,6.60892583708086,6.39401725115302,6.19204585686176,6.00261902525359,5.82536068117244,5.65991039150164,5.50592251261109,5.36306539257269,5.23102062408271,5.10948234437101,4.99815657868518,4.89676062421842,4.8050224716042
NaN,NaN,NaN,NaN,NaN,NaN,NaN,NaN,NaN,NaN,NaN,NaN,NaN,NaN,NaN,NaN,NaN,NaN,NaN,NaN,NaN,7.5114554468109,11.0944577898365,12.9882853602329,12.9412499810672,12.9694214384965,13.0385687803172,12.8728385290522,12.5712026262465,12.1716217020233,11.6940605526081,11.1521985295394,10.5570571031301,9.91838179106715,9.24524856181275,8.54635904014389,7.83019622075269,7.10511212327033,6.37938000069564,5.66122721043735,4.95885735309299,4.28046679633151,3.63411956763665,3.02346023427199,2.44777781532775,1.90622450961054,1.39796795449706,0.922190766988435,0.478090100147005,0.0648772143172529,-0.318222937440678,-0.671972110250911,-0.997119155177476,-1.29440039433471,-1.56453998383001,-1.80825026499545,-2.02623210434531,-2.21917522267769,-2.38775851372034,-2.53265035270409,-2.65450889523071,-2.75398236678672
NaN,NaN,NaN,NaN,NaN,NaN,NaN,NaN,NaN,NaN,NaN,NaN,NaN,NaN,NaN,NaN,NaN,NaN,NaN,NaN,2.03199239751834,6.06745621015731,9.24386658630634,10.7230948526977,10.6026911206239,10.5038264478721,10.5770121773101,10.755685910419,10.6570732630269,10.381990748509,9.98809476652475,9.50707872440198,8.95962038121893,8.36107644054647,7.72398154099829,7.05926468900226,6.37689045012681,5.68621897376149,4.99621880921203,4.31559818186293,3.65288892661302,3.01650181296794,2.41476397792066,1.85594482853011,1.34827431470391,0.899956030104449,0.519176722120377,0.214113227334333,-0.00706258917247708,-0.136181000168261,-0.165077555448417,-0.0857076458214711,0.0689787298248888,0.226897087161651,0.385985676673281,0.546210603120395,0.70755680598328,0.870014397817892,1.03357538709834,1.19823261199552,1.36397932077538,1.5308089833084
NaN,NaN,NaN,NaN,NaN,NaN,NaN,NaN,NaN,NaN,NaN,NaN,NaN,NaN,NaN,NaN,NaN,NaN,NaN,NaN,1.71551940019611,5.03233478202074,7.75198900408999,8.74106003037773,8.57241169858766,8.39590162564104,8.31295590973992,8.43270708609408,8.7126813175319,8.70555312283048,8.48714105315145,8.12764185829499,7.66843831510643,7.1369767429505,6.5532960908615,5.93320632764531,5.28996394658941,4.635212809345,3.97954023687798,3.33281982117972,2.70443016009594,2.10339822606129,1.53849495423996,1.01829891295453,0.551236771614734,0.145603928894684,-0.190437420007729,-0.448897025153939,-0.622077883025871,-0.702936989512779,-0.686360288660577,-0.575766349525535,-0.420472560290309,-0.262854186183807,-0.103585769508373,0.0572310246769433,0.219516397322071,0.383206491831876,0.548249297139023,0.714601752377349,0.882227661159298,1.05109616310239
NaN,NaN,NaN,NaN,NaN,NaN,NaN,NaN,NaN,NaN,NaN,NaN,NaN,NaN,NaN,NaN,NaN,NaN,NaN,NaN,1.58142677406327,4.27890511123711,6.50443472945869,7.03802067715859,6.82906031553053,6.5968687123847,6.41498030285836,6.36228751597222,6.52487631762018,6.89142992265614,6.9844951511919,6.83853767642134,6.53114960177238,6.11095390125068,5.61116359122958,5.05618233486731,4.46508380438137,3.85356511503514,3.23510089005842,2.62165391006357,2.02412736846937,1.45265953860552,0.916817578528298,0.425722506123342,-0.0118780541548225,-0.387584837136596,-0.693379179226224,-0.921747244342179,-1.06599099589649,-1.12099497554168,-1.08532957515283,-0.968331264046122,-0.813934173854878,-0.657018317071334,-0.498289821764478,-0.337829267350008,-0.175706999724107,-0.0119848357432593,0.153282561970088,0.320046567827704,0.488263679072921,0.657894762807832
NaN,NaN,NaN,NaN,NaN,NaN,NaN,NaN,NaN,NaN,NaN,NaN,NaN,NaN,NaN,NaN,NaN,NaN,NaN,NaN,1.55172468597274,3.71919547346442,5.42315658906739,5.59464254236443,5.3526908999708,5.07876217526027,4.82844975833429,4.66122641002245,4.64184187031973,4.84192243457581,5.27831988419134,5.4724027753706,5.40574191883783,5.1601115725136,4.78937299375465,4.33142114674445,3.81448210114067,3.26064851029998,2.68796817610571,2.11172994618206,1.54528183819275,1.00056392043253,0.488458838345819,0.0190185189329957,-0.398401534749143,-0.755088801133403,-1.04300977617429,-1.25497473122005,-1.38503328902739,-1.42935898303989,-1.38833271976729,-1.27208996179959,-1.11871693573975,-0.962542773786497,-0.804449285267131,-0.644504863219532,-0.482771794120944,-0.319306992160536,-0.154162630055903,0.0126133169710193,0.18097660042431,0.350886289729346
NaN,NaN,NaN,NaN,NaN,NaN,NaN,NaN,NaN,NaN,NaN,NaN,NaN,NaN,NaN,NaN,NaN,NaN,NaN,NaN,1.58797697121529,3.29072669994844,4.46165064410745,4.39156586547019,4.12370368369339,3.81877736149905,3.5199062143125,3.27309235997695,3.12831114150273,3.14075178204767,3.3722783814413,3.86125967114438,4.15294241812863,4.16681637514211,3.98693386437301,3.67093877581999,3.26047640369445,2.78703816772296,2.27541495338637,1.74582415252525,1.21526427784459,0.698399409772925,0.208144534557194,-0.243949638102177,-0.647456906268359,-0.992954593881034,-1.27202041385833,-1.47737769515684,-1.60327402869624,-1.64629593957791,-1.60711577305624,-1.49450739199324,-1.34219215428539,-1.18677624664324,-1.02935636393071,-0.869993628898027,-0.708744977198055,-0.545663551277669,-0.380799050621523,-0.214198043888199,-0.0459042476896072,0.12404122390077
NaN,NaN,NaN,NaN,NaN,NaN,NaN,NaN,NaN,NaN,NaN,NaN,NaN,NaN,NaN,NaN,NaN,NaN,NaN,NaN,1.66703042665461,2.9485160029907,3.60297961784089,3.40942279382,3.12261300350928,2.79588375635248,2.46320715541854,2.16073888765953,1.92768042108044,1.80725435510629,1.84784938588009,2.10440483605718,2.62875123552821,3.01223085102847,3.10429930652271,2.99021701844325,2.73041690518614,2.36957233595685,1.94195627569931,1.47474407752658,0.990119599011978,0.506654353797575,0.0402264799317222,-0.395365054739336,-0.788000498419928,-1.1270045590849,-1.40305918578784,-1.60827797342892,-1.73650147123589,-1.78395652392277,-1.75060681228949,-1.64297970625714,-1.49173305585499,-1.33708654871159,-1.18036442539921,-1.02162322555605,-0.860916355017622,-0.69829432785938,-0.533804986335313,-0.367493701031647,-0.199403553280982,-0.0295755016438069
NaN,NaN,NaN,NaN,NaN,NaN,NaN,NaN,NaN,NaN,NaN,NaN,NaN,NaN,NaN,NaN,NaN,NaN,NaN,NaN,1.77267625403147,2.66034015849811,2.86041170399326,2.62884050747002,2.32997195370588,1.98977995247754,1.63526578527455,1.29511348975212,1.00037475880341,0.78523985173587,0.687940350120836,0.751840016592642,1.02678652294389,1.56953678805675,2.03764580682359,2.20324603211566,2.15226996025465,1.94730471477973,1.63553335643921,1.25363170921328,0.830894657052967,0.391288625066192,-0.0451730082328723,-0.461498720663684,-0.843093312538351,-1.17735744081745,-1.45347154083336,-1.66235720330067,-1.79684778149373,-1.85216014459663,-1.82687507476167,-1.72488888363872,-1.57471322904398,-1.42084531933724,-1.26483974394557,-1.10675008377822,-0.946627427998342,-0.784520537162048,-0.620475993684385,-0.454538340765309,-0.286750210794563,-0.117152444152573
NaN,NaN,NaN,NaN,NaN,NaN,NaN,NaN,NaN,NaN,NaN,NaN,NaN,NaN,NaN,NaN,NaN,NaN,NaN,NaN,1.89225078032045,2.4040023119804,2.27207281877465,2.0304395861715,1.72633872288962,1.38049014068548,1.01442758200678,0.651007481137153,0.314950870544487,0.0334514265471087,-0.163113149178334,-0.240321129269603,-0.158639767009283,0.127927041822111,0.673584796306363,1.21724787655897,1.45019737075736,1.45771498937768,1.30418368185262,1.03896055053801,0.700859468946423,0.32109992614544,-0.0747084745061075,-0.465210092851313,-0.832373492477526,-1.16086561513159,-1.43765967181814,-1.65184513006888,-1.79464426034555,-1.8596852194926,-1.843656341225,-1.74761244963604,-1.59850637197815,-1.44542538683587,-1.29015270985684,-1.13274003856593,-0.973236998253709,-0.811691259584391,-0.648148648251057,-0.482653247297407,-0.315247492670982,-0.145972262523406
NaN,NaN,NaN,NaN,NaN,NaN,NaN,NaN,NaN,NaN,NaN,NaN,NaN,NaN,NaN,NaN,NaN,NaN,NaN,NaN,2.01507574671827,2.16596827561912,1.83942074475738,1.59482964731426,1.29225536653165,0.94817786897275,0.579747291431902,0.205181436703445,-0.155811616340765,-0.481558923398634,-0.747866237145576,-0.927343527372573,-0.988565841916983,-0.895006871477084,-0.60365842104477,-0.0632124989014425,0.539476483290937,0.832601179342057,0.892664149102161,0.785706102359932,0.563085587466456,0.265604995213833,-0.0737043565014703,-0.42766736709142,-0.773634618817761,-1.09255995794787,-1.36837875614513,-1.58762639386882,-1.73927391180196,-1.81479578882718,-1.80853608640515,-1.71852617128709,-1.57048622538145,-1.41820004969893,-1.26367536746236,-1.10696276324548,-0.948111036126796,-0.787167288948313,-0.624177012225837,-0.459184163079258,-0.292231239523114,-0.123359350430928
NaN,NaN,NaN,NaN,NaN,NaN,NaN,NaN,NaN,NaN,NaN,NaN,NaN,NaN,NaN,NaN,NaN,NaN,NaN,NaN,2.13168227338157,1.94110159035433,1.54318266550514,1.30260240224087,1.0082290619994,0.673042973248001,0.310620742259486,-0.0645666415478965,-0.436834010850652,-0.788919581853676,-1.10155653022448,-1.352950167111,-1.5181239353462,-1.56808458321331,-1.4687374537377,-1.1794534437557,-0.651144187624886,-0.00702029847666563,0.338471092159598,0.444212316605969,0.377951398996257,0.193026719385911,-0.0678034111097706,-0.369716789587872,-0.683974573510304,-0.986613935513561,-1.25753173031095,-1.47986433541781,-1.63961147242648,-1.72548786686701,-1.72902560733428,-1.64500501779533,-1.49802654952691,-1.34654282473995,-1.19278053793986,-1.03678975401411,-0.878618953317882,-0.718315102241672,-0.555923719976316,-0.391488941710277,-0.225053578477926,-0.0566591738620089
NaN,NaN,NaN,NaN,NaN,NaN,NaN,NaN,NaN,NaN,NaN,NaN,NaN,NaN,NaN,NaN,NaN,NaN,NaN,NaN,2.23340807232861,1.73349487450443,1.3640353848084,1.13432147390595,0.854711068027305,0.535250835276821,0.186568910544368,-0.179919652136171,-0.551784613168375,-0.915314597096989,-1.25519626840691,-1.55411712422746,-1.79226354859908,-1.94667540496793,-1.99040287796859,-1.89138775045063,-1.61095523457218,-1.10174612296676,-0.433486010271666,-0.0438233733502602,0.100114548078771,0.0680079688938228,-0.0846974930391988,-0.313197219472853,-0.580795906489408,-0.85710201032156,-1.11673415844332,-1.33840258240785,-1.50428063283755,-1.59962012715037,-1.61259843039985,-1.53442356803591,-1.38850111488055,-1.23782734366483,-1.08484145504373,-0.929593483928361,-0.772132022106864,-0.612504275930222,-0.450756121166382,-0.286932155180813,-0.12107574659194,0.0467709174598133
NaN,NaN,NaN,NaN,NaN,NaN,NaN,NaN,NaN,NaN,NaN,NaN,NaN,NaN,NaN,NaN,NaN,NaN,NaN,NaN,2.3121942888177,1.55867769069591,1.28262570747099,1.07050763642379,0.812069770066377,0.514870715732206,0.187087646857806,-0.162368499575658,-0.523708920291401,-0.886085876844975,-1.23736364756211,-1.56382637875172,-1.84980187395531,-2.07717190686388,-2.22472718833629,-2.2673064241294,-2.17463028077897,-1.90969630291672,-1.42652908039228,-0.751117595963632,-0.325690456178091,-0.151424639719804,-0.156300429973654,-0.28247839488505,-0.482880740900398,-0.718737544086416,-0.957806580680811,-1.17307683338837,-1.34183182247512,-1.4449945284806,-1.46671040601197,-1.394156211312,-1.24928369789729,-1.09942730627095,-0.947231599138148,-0.792747014897126,-0.636022645761037,-0.477106286249217,-0.316044479483048,-0.152882561398044,0.0123352970224374,0.179566049392857
NaN,NaN,NaN,NaN,NaN,NaN,NaN,NaN,NaN,NaN,NaN,NaN,NaN,NaN,NaN,NaN,NaN,NaN,NaN,NaN,2.36050828743895,1.44790375061984,1.2795666825124,1.09161721156913,0.860553686285873,0.591809351336142,0.29151982679648,-0.0334533880374919,-0.375458659764851,-0.725949367988861,-1.07533406370839,-1.41277270440795,-1.72590466968762,-2.0004871868998,-2.21991280419013,-2.36455981453354,-2.41090711602643,-2.33030994548704,-2.08727665115066,-1.63699374764004,-0.971105236436593,-0.518403726316964,-0.321890979259,-0.306589353154618,-0.411794402317043,-0.587767402296843,-0.793318699405863,-0.994023477955955,-1.16089755927114,-1.26941799609481,-1.2988131468998,-1.23157726501808,-1.08774807908322,-0.9387164588252,-0.787324620423608,-0.63362381804867,-0.477664020625566,-0.319493953573759,-0.159161138780955,0.0032880671063118,0.167808435997618,0.334355833205782
NaN,NaN,NaN,NaN,NaN,NaN,NaN,NaN,NaN,NaN,NaN,NaN,NaN,NaN,NaN,NaN,NaN,NaN,NaN,NaN,2.3713705330739,1.44985404257473,1.3354259968937,1.17800984948637,0.980238535642851,0.745728103936449,0.478922937046456,0.18502261887995,-0.13003167231112,-0.459521906577409,-0.795872228244565,-1.13051961373113,-1.45372804516273,-1.75433186732345,-2.01938588366081,-2.2336882146776,-2.37912465065498,-2.43375631533943,-2.37052922287219,-2.1554127094903,-1.74465125309862,-1.10465958728253,-0.63316085898671,-0.422552642769558,-0.394012783861931,-0.483269272967346,-0.637333311028547,-0.812069883668765,-0.970370218344532,-1.08076484958711,-1.11636582600307,-1.05406106316951,-0.911268042242763,-0.763068585861804,-0.612494310364613,-0.459597708246571,-0.304430015714753,-0.147041249347849,0.012519758713564,0.174205326984087,0.337968892198389,0.503764978167801
NaN,NaN,NaN,NaN,NaN,NaN,NaN,NaN,NaN,NaN,NaN,NaN,NaN,NaN,NaN,NaN,NaN,NaN,NaN,NaN,2.33850434824405,1.5125883616695,1.43070397798958,1.30989927131679,1.15094901102662,0.955929764138193,0.727909099128557,0.470767786751475,0.189108784246928,-0.111771646310558,-0.425862821799401,-0.74637252838418,-1.06561168812214,-1.37482268925019,-1.66393649887696,-1.92123467323354,-2.13287927415965,-2.28225352012645,-2.34902365522284,-2.30777885342227,-2.12601382107644,-1.76105455038204,-1.16303235990495,-0.681123851102329,-0.464517735647584,-0.429292504042961,-0.506595435158764,-0.639331773038339,-0.779658423100237,-0.88705984023724,-0.92684926900987,-0.868982048649894,-0.727217374579356,-0.579857511635952,-0.430114608382373,-0.278042863609406,-0.123695217186062,0.0328766171900753,0.191622120509214,0.352491938183501,0.515437850952223,0.680412746913772
NaN,NaN,NaN,NaN,NaN,NaN,NaN,NaN,NaN,NaN,NaN,NaN,NaN,NaN,NaN,NaN,NaN,NaN,NaN,NaN,2.25668420969801,1.5885714704963,1.54579523216952,1.46727565331217,1.35213952863986,1.20119465813326,1.01643072461381,0.800726632058579,0.557682174274864,0.291530379248639,0.0071073831188242,-0.290131422565563,-0.594052449005525,-0.897739574291385,-1.19333589323435,-1.47181595944778,-1.72266317075864,-1.93341225968783,-2.08899347009042,-2.17077620790171,-2.15514311990623,-2.01130585471152,-1.6978499930433,-1.15753501965497,-0.673446945998959,-0.458761868682188,-0.422662878496085,-0.490259533939389,-0.599122666678969,-0.69661343547989,-0.737787598496911,-0.683714903580298,-0.542969867697671,-0.396457112243982,-0.24755964826797,-0.096333942472684,0.0571648349510819,0.212882780666027,0.370767229662077,0.530766727823297,0.692831005550248,0.856910952402087
NaN,NaN,NaN,NaN,NaN,NaN,NaN,NaN,NaN,NaN,NaN,NaN,NaN,NaN,NaN,NaN,NaN,NaN,NaN,NaN,2.12247936630515,1.65841929801245,1.66092164662548,1.62977881445691,1.56270625515505,1.45953277234901,1.32147310524956,1.15071026136357,0.950151616121033,0.723289269068943,0.474128003738205,0.207161672992673,-0.0726109899701888,-0.359633352099545,-0.647697360325173,-0.929800566491299,-1.19793760492907,-1.44279971986791,-1.65333977946937,-1.81613348788966,-1.91442136663607,-1.92663304691732,-1.82403920369088,-1.56686736283913,-1.09756906399865,-0.621296183982186,-0.416121367063832,-0.38367924161671,-0.440910737097984,-0.518275726858519,-0.556787705159053,-0.50563477774791,-0.365899320103543,-0.220241345349052,-0.0722038707210632,0.0781536359504398,0.230773084305444,0.385597734346679,0.542572170387287,0.701642276021107,0.862755210084511,1.02585938358044
NaN,NaN,NaN,NaN,NaN,NaN,NaN,NaN,NaN,NaN,NaN,NaN,NaN,NaN,NaN,NaN,NaN,NaN,NaN,NaN,1.93591225285108,1.70265174237621,1.75601114136618,1.77648180920027,1.76067926049975,1.70779367142944,1.61859099006134,1.49486527059836,1.33912618370481,1.15441783783613,0.944216246574346,0.712377963517255,0.463125802209159,0.201065445786508,-0.0687678256141255,-0.34082839598686,-0.608936522969631,-0.866095538257985,-1.10422355916094,-1.31375598887264,-1.48304531537337,-1.59743093390299,-1.63774989140414,-1.5778563602599,-1.38028726285018,-0.988230801156026,-0.535863021127708,-0.347230237062946,-0.320750325955425,-0.361973370440228,-0.391621318483601,-0.342117753805656,-0.203379542857021,-0.0585843172531551,0.0885777232972446,0.238043061089607,0.389749696993479,0.543637125635301,0.699646311612872,0.857719666714619,1.01780102811779,1.17983563754128
NaN,NaN,NaN,NaN,NaN,NaN,NaN,NaN,NaN,NaN,NaN,NaN,NaN,NaN,NaN,NaN,NaN,NaN,NaN,NaN,1.7045728883673,1.70160961707628,1.81046533522628,1.88550157527205,1.92269510088884,1.92102655154612,1.88117899411807,1.80487138862418,1.69449588137856,1.55291240925822,1.38333079333864,1.18924524459243,0.974403228881225,0.742799721451558,0.498693330223295,0.246644694624151,-0.00841878477496127,-0.261103454452237,-0.50540041723154,-0.734462173667527,-0.940262601929186,-1.11306641146014,-1.2405740779046,-1.30648738234146,-1.28798196243019,-1.15097659556413,-0.840580239514064,-0.428373362362243,-0.262331915340484,-0.240003346108083,-0.250419805025521,-0.200541933975225,-0.0627843731866669,0.0811395555366548,0.227408962421712,0.375954613006943,0.526709025889234,0.679606450343918,0.834582845018352,0.9915758576767,1.15052480597457,1.31137065924348
NaN,NaN,NaN,NaN,NaN,NaN,NaN,NaN,NaN,NaN,NaN,NaN,NaN,NaN,NaN,NaN,NaN,NaN,NaN,NaN,1.45570391669523,1.6352610869288,1.80267827625579,1.93325109453225,2.02304272126227,2.07137962249887,2.07927143929419,2.04867452486759,1.9821182079612,1.88250307508559,1.75298775278509,1.59692476142154,1.41782584350322,1.2193468619907,1.00528757414072,0.779604807173541,0.546440043589222,0.310164960837269,0.0754518060388577,-0.152619351074857,-0.368395661557809,-0.565392091853246,-0.735870343995077,-0.870127107932026,-0.955229119784178,-0.972620660681324,-0.893228204896419,-0.666364588376828,-0.310091977443931,-0.170733853983176,-0.142220957537054,-0.0882904341269127,0.0485122877329693,0.191555098032827,0.336910811326515,0.484501447054778,0.634251176890126,0.786086305858192,0.939935254677744,1.09572854330174,1.25339877564284,1.41288062546819
